track,frame_idx,instance.score,head.x,head.y,head.score,neck.x,neck.y,neck.score,abdomen.x,abdomen.y,abdomen.score
,267,0.5997650623321533,,,0.0,1100.1796875,28.64006233215332,0.3451462388038635,1076.244384765625,16.16451072692871,0.4758979380130768
,268,0.8618903756141663,,,0.0,1096.4888916015625,40.121334075927734,0.5081508159637451,1092.04052734375,60.62740707397461,0.5764622092247009
,269,0.9061548113822937,1088.88232421875,71.95997619628906,0.4058046340942383,1096.7080078125,52.013832092285156,0.6001202464103699,1100.489501953125,16.355955123901367,0.729360818862915
,270,0.8744528889656067,1093.0152587890625,80.5206298828125,0.7421286702156067,1096.933349609375,60.94529342651367,0.7729933261871338,1100.812744140625,24.715078353881836,0.7069548964500427
,271,0.9052937030792236,1092.447021484375,88.54837036132812,0.6430639624595642,1099.7635498046875,69.03733825683594,0.663101077079773,1100.357666015625,32.73365783691406,0.7608193159103394
,272,0.9213568568229675,1096.2552490234375,96.60420989990234,0.7783859968185425,1100.0968017578125,77.01102447509766,0.7681371569633484,1104.280029296875,40.66233444213867,0.6958643198013306
,273,0.9390654563903809,1096.3294677734375,104.71640014648438,0.6930841207504272,1100.5723876953125,85.18356323242188,0.7174320220947266,1104.34619140625,49.03395080566406,0.7514659762382507
,274,0.9326047897338867,1096.3681640625,112.79366302490234,0.7926941514015198,1100.2864990234375,93.16355895996094,0.7755837440490723,1107.5433349609375,56.83019256591797,0.7034030556678772
,275,0.9425411820411682,1099.800048828125,123.6966323852539,0.7920064926147461,1100.773681640625,103.9898452758789,0.7373937368392944,1107.7965087890625,67.80009460449219,0.7591767311096191
,276,0.9610555171966553,1100.1807861328125,131.73306274414062,0.7951391339302063,1104.0789794921875,112.01895141601562,0.732624888420105,1108.185791015625,75.78913879394531,0.7637686729431152
,277,0.9477473497390747,1100.5013427734375,139.74940490722656,0.7939333319664001,1104.3677978515625,120.07023620605469,0.7613903880119324,1108.34912109375,83.76930236816406,0.7652256488800049
,278,0.9583254456520081,1100.63525390625,148.0831298828125,0.7747862935066223,1104.7906494140625,128.37722778320312,0.7269772291183472,1108.8736572265625,92.00789642333984,0.7495297789573669
,279,0.9323706030845642,1103.500244140625,155.85704040527344,0.7898416519165039,1104.3514404296875,136.26947021484375,0.7849999070167542,1111.732177734375,99.93293762207031,0.7417124509811401
,280,0.9593004584312439,1100.6561279296875,164.35464477539062,0.7945665717124939,1104.716552734375,144.67929077148438,0.7348490357398987,1111.8992919921875,108.22086334228516,0.7692786455154419
,281,0.9553046822547913,1104.3253173828125,172.10357666015625,0.7906306982040405,1108.196044921875,152.48388671875,0.7601644396781921,1112.471923828125,115.97989654541016,0.7527462840080261
,282,0.9609196782112122,1104.3441162109375,180.51202392578125,0.7936878800392151,1108.3841552734375,160.8574981689453,0.7474755048751831,1112.7506103515625,124.45585632324219,0.7736273407936096
,283,0.9570717215538025,1104.69775390625,188.5535430908203,0.7855843305587769,1108.703125,168.8775177001953,0.7746253609657288,1112.9949951171875,132.5503692626953,0.726870059967041
,284,0.9413527846336365,1104.78466796875,196.74069213867188,0.7739687561988831,1108.872802734375,177.06878662109375,0.7731660604476929,1112.9742431640625,140.939453125,0.7108973264694214
,285,0.9460658431053162,1104.2154541015625,204.94900512695312,0.8143616914749146,1108.3118896484375,185.344970703125,0.7661178708076477,1115.713134765625,149.01486206054688,0.6923137903213501
,286,0.9416307806968689,1107.59716796875,213.07327270507812,0.7917926907539368,1108.5494384765625,193.39402770996094,0.764866292476654,1115.7132568359375,157.05873107910156,0.7067418694496155
,287,0.9705837368965149,1104.395263671875,223.84951782226562,0.6924901604652405,1111.7132568359375,204.20162963867188,0.628786027431488,1115.73876953125,167.85267639160156,0.7565880417823792
,288,0.9585977792739868,1108.076904296875,231.8240203857422,0.7826798558235168,1111.9315185546875,212.241455078125,0.7491973042488098,1116.244140625,175.97291564941406,0.7264986634254456
,289,0.9707440733909607,1104.786376953125,240.1986846923828,0.7354946732521057,1112.0771484375,220.66079711914062,0.6898974180221558,1112.65576171875,184.4011688232422,0.7524479031562805
,290,0.9786450266838074,1108.413818359375,248.21148681640625,0.7841998934745789,1112.2393798828125,228.55142211914062,0.7669854760169983,1116.3555908203125,192.27752685546875,0.7181026339530945
,291,0.9703580141067505,1108.307861328125,256.63873291015625,0.7817525863647461,1112.3294677734375,236.97792053222656,0.7569981217384338,1116.213623046875,200.74920654296875,0.7417117953300476
,292,0.9795800447463989,1108.447021484375,264.5854187011719,0.7636955380439758,1112.4691162109375,244.91770935058594,0.760141909122467,1116.416748046875,208.68284606933594,0.7287885546684265
,293,0.955906331539154,1108.7147216796875,272.9322814941406,0.7526698708534241,1112.6766357421875,253.2636260986328,0.7627267241477966,1116.34912109375,216.98028564453125,0.7096672654151917
,294,0.974675714969635,1108.71044921875,283.74908447265625,0.7649722695350647,1112.7362060546875,264.0932312011719,0.7176152467727661,1116.74365234375,227.6747283935547,0.7291247248649597
,295,0.9556021094322205,1109.115478515625,291.72802734375,0.7419754266738892,1112.9700927734375,272.11224365234375,0.7572457790374756,1116.7823486328125,235.74685668945312,0.7282536625862122
,296,0.9670497179031372,1108.64990234375,300.1219482421875,0.6399514079093933,1113.0614013671875,280.50775146484375,0.695828914642334,1116.8475341796875,244.1161651611328,0.7366394400596619
,297,0.9467072486877441,1111.6275634765625,308.20751953125,0.7880228757858276,1112.5126953125,288.5386047363281,0.7678861021995544,1119.7718505859375,252.0078125,0.7259541153907776
,298,0.9591602683067322,1111.4990234375,316.6268310546875,0.7692345380783081,1112.6055908203125,296.9695129394531,0.7204773426055908,1116.1607666015625,260.42828369140625,0.7499012351036072
,299,0.9709622263908386,1111.899169921875,324.65447998046875,0.7824597358703613,1115.79150390625,307.8835144042969,0.7603812217712402,1119.7001953125,268.2781066894531,0.716087818145752
,300,0.951567530632019,1111.9190673828125,332.9801330566406,0.7832883596420288,1115.9107666015625,316.2041320800781,0.7464295625686646,1116.3660888671875,276.82452392578125,0.7395473718643188
,301,0.9689790606498718,1112.173095703125,341.2586669921875,0.7791497707366943,1116.0916748046875,324.4475402832031,0.7633393406867981,1116.555908203125,284.9224853515625,0.7137872576713562
,302,0.9636181592941284,1112.39599609375,352.02862548828125,0.7904101610183716,1116.150146484375,332.3519592285156,0.7574098706245422,1119.927978515625,295.8988342285156,0.73021000623703
,303,0.9883258938789368,1112.1630859375,360.1534118652344,0.7162097692489624,1116.303955078125,340.5235595703125,0.6840088963508606,1120.136962890625,304.0243835449219,0.756601095199585
,304,0.9558037519454956,1112.59228515625,368.31134033203125,0.7778260111808777,1116.388916015625,348.6500549316406,0.7676017880439758,1120.18798828125,312.0889892578125,0.7342932820320129
,305,0.9729180932044983,1112.246826171875,376.623046875,0.6191555261611938,1116.5791015625,357.11895751953125,0.6851299405097961,1120.1636962890625,320.6964416503906,0.7429490089416504
,306,0.9664558172225952,1112.9266357421875,384.7259216308594,0.7576923966407776,1116.7115478515625,365.095703125,0.7759725451469421,1120.6617431640625,328.5621032714844,0.7170724868774414
,307,0.9547258615493774,1112.874755859375,395.67645263671875,0.7473403215408325,1116.8489990234375,376.0850830078125,0.7088598012924194,1120.5462646484375,339.5461120605469,0.7275607585906982
,308,0.9487466812133789,1113.1705322265625,401.14703369140625,0.7307094931602478,1117.0029296875,381.4858703613281,0.77565997838974,1120.659912109375,345.0570373535156,0.6852533221244812
,309,0.9528251886367798,1115.630126953125,412.1890869140625,0.7928116321563721,1116.480712890625,392.48773193359375,0.7478131055831909,1120.1268310546875,356.1507873535156,0.7284858226776123
,310,0.9670469760894775,1115.8392333984375,420.5321044921875,0.7831190228462219,1119.6685791015625,400.8508605957031,0.7349131107330322,1120.1993408203125,364.2729187011719,0.7225831151008606
,311,0.9531274437904358,1116.019775390625,428.6485290527344,0.7917048335075378,1119.77685546875,408.9672546386719,0.761523425579071,1120.29052734375,372.39776611328125,0.7415416836738586
,312,0.9622427821159363,1112.746826171875,436.96990966796875,0.6702986359596252,1119.9483642578125,417.3172607421875,0.6992648839950562,1120.0723876953125,380.9361572265625,0.7566496133804321
,313,0.9452182650566101,1116.4412841796875,447.9071350097656,0.7869425415992737,1120.255126953125,428.2655944824219,0.7657579183578491,1120.80908203125,391.602783203125,0.7556906938552856
,314,0.973980724811554,1113.06494140625,456.19110107421875,0.6536126732826233,1120.385009765625,436.57830810546875,0.6740133166313171,1120.86279296875,400.0449523925781,0.7544407248497009
,315,0.9462108612060547,1117.03515625,464.2962646484375,0.7641624212265015,1120.7177734375,444.60919189453125,0.7785333395004272,1124.56005859375,408.08807373046875,0.7380744218826294
,316,0.9588245153427124,1116.699951171875,472.70166015625,0.695878267288208,1120.82666015625,453.13641357421875,0.7169412970542908,1124.426025390625,416.63970947265625,0.7425953149795532
,317,0.944767415523529,1117.1317138671875,480.8367004394531,0.6954535245895386,1121.144287109375,464.1365661621094,0.7538293600082397,1124.851318359375,424.64007568359375,0.7373169660568237
,318,0.9299368262290955,1119.67041015625,492.0040283203125,0.7986366152763367,1120.5181884765625,472.3505859375,0.7477332353591919,1124.2626953125,435.67889404296875,0.7439620494842529
,319,0.9566813707351685,1119.8155517578125,500.23590087890625,0.7796803712844849,1123.7340087890625,480.6158142089844,0.7286736369132996,1124.2442626953125,443.9400939941406,0.7376319169998169
,320,0.95320063829422,1120.1153564453125,508.6002197265625,0.7836020588874817,1123.9571533203125,488.9725341796875,0.7651310563087463,1124.6142578125,452.4031677246094,0.7168965935707092
,321,0.9622020125389099,1116.790283203125,516.9656982421875,0.6056739687919617,1124.1070556640625,497.2522888183594,0.6736377477645874,1124.6640625,460.85345458984375,0.7574151158332825
,322,0.9385570287704468,1120.6383056640625,525.1663208007812,0.7603270411491394,1124.5223388671875,508.4171447753906,0.7917945384979248,1128.4395751953125,468.9321594238281,0.689956545829773
,323,0.9677599668502808,1120.308837890625,536.0975341796875,0.6812254786491394,1124.572998046875,516.6389770507812,0.6946573257446289,1128.3797607421875,480.03094482421875,0.7539539337158203
,324,0.948698878288269,1121.139404296875,544.237060546875,0.7466400265693665,1124.8983154296875,524.6884155273438,0.7790777683258057,1128.7762451171875,488.34393310546875,0.7047314047813416
,325,0.9350762963294983,1120.8511962890625,552.68798828125,0.6369513869285583,1125.05419921875,533.15625,0.7240428924560547,1125.2904052734375,496.98822021484375,0.7390679121017456
,326,0.9479421973228455,1123.74267578125,561.0748901367188,0.7646965384483337,1127.6966552734375,541.4734497070312,0.7597867846488953,1128.2603759765625,505.048583984375,0.6878008842468262
,327,0.9628584384918213,1124.0755615234375,572.03955078125,0.7823173999786377,1127.9071044921875,552.3743896484375,0.7402260303497314,1128.5240478515625,516.1829833984375,0.7289485931396484
,328,0.9863407015800476,1124.042724609375,580.2144775390625,0.7433041334152222,1128.17529296875,560.6465454101562,0.7286823987960815,1128.69677734375,524.5001831054688,0.705837607383728
,329,0.9715971946716309,1124.5504150390625,588.373779296875,0.7570818066596985,1128.4351806640625,568.8089599609375,0.7642109394073486,1128.871826171875,532.5056762695312,0.7331563830375671
,330,0.9733715653419495,1124.10986328125,596.6639404296875,0.4078519344329834,1128.7279052734375,576.7473754882812,0.6300408840179443,1128.8426513671875,541.05126953125,0.7618224620819092
,331,0.9411547780036926,1125.276611328125,604.861083984375,0.727407693862915,1129.0936279296875,585.279296875,0.783027708530426,1132.8790283203125,548.9036865234375,0.6922502517700195
,332,0.9709489345550537,1124.33203125,615.8457641601562,0.6922560930252075,1131.650634765625,596.2101440429688,0.664770781993866,1132.094970703125,560.0189208984375,0.7675813436508179
,333,0.9574037194252014,1128.334228515625,623.9055786132812,0.779610812664032,1132.07958984375,604.269775390625,0.7694603800773621,1132.7210693359375,567.907470703125,0.741633415222168
,334,0.9738084077835083,1128.1689453125,632.1192626953125,0.7173320651054382,1132.354736328125,612.6107177734375,0.7112723588943481,1132.830322265625,576.3848876953125,0.7499111890792847
,335,0.9722086191177368,1128.6029052734375,639.9923095703125,0.6846709847450256,1132.7542724609375,620.5792846679688,0.7368839383125305,1136.39892578125,584.4598999023438,0.7098846435546875
,336,0.9575629830360413,1129.099365234375,648.2191162109375,0.6935634016990662,1133.097412109375,628.7782592773438,0.7451581358909607,1136.684326171875,592.5726928710938,0.7216445803642273
,337,0.9625669121742249,1128.64111328125,656.4385375976562,0.7090981006622314,1135.75439453125,636.9462890625,0.7173081636428833,1136.052978515625,600.7427368164062,0.7116737961769104
,338,0.9613961577415466,1132.224365234375,664.6346435546875,0.7622496485710144,1136.1173095703125,645.0648193359375,0.7741222381591797,1136.78662109375,608.7647094726562,0.7098667621612549
,339,0.9618486166000366,1129.1436767578125,675.49462890625,0.6847554445266724,1136.413330078125,655.7534790039062,0.6777923703193665,1140.13037109375,619.545166015625,0.736936092376709
,340,0.9506760835647583,1133.1412353515625,680.4776000976562,0.7244580984115601,1137.0113525390625,661.0414428710938,0.7826615571975708,1140.6531982421875,624.7840576171875,0.691153347492218
,341,0.9383324384689331,1132.380615234375,688.6082763671875,0.6749308705329895,1139.5538330078125,671.5948486328125,0.6368021368980408,1139.95068359375,635.7041625976562,0.7623581886291504
,342,0.967090368270874,1136.266357421875,696.6446533203125,0.7705161571502686,1140.0870361328125,677.0468139648438,0.7752191424369812,1140.5460205078125,640.8067016601562,0.6927496194839478
,343,0.9529216289520264,1136.36376953125,704.58203125,0.694366991519928,1140.47900390625,685.1524047851562,0.7455943822860718,1140.8045654296875,649.2200317382812,0.703769326210022
,344,0.9585914015769958,1136.701171875,712.2852783203125,0.599969744682312,1140.9111328125,692.93994140625,0.7376341223716736,1141.1551513671875,657.0171508789062,0.6835672855377197
,345,0.9472360014915466,1139.6871337890625,720.5477294921875,0.7560604214668274,1143.661376953125,701.0253295898438,0.7514088749885559,1144.0479736328125,664.9588012695312,0.7004830241203308
,346,0.9759432673454285,1136.65771484375,728.4769897460938,0.5767237544059753,1144.09619140625,708.7930908203125,0.6853395104408264,1144.1912841796875,672.9153442382812,0.731652021408081
,347,0.9722757339477539,1140.9742431640625,736.40966796875,0.7650001049041748,1144.64697265625,716.7862548828125,0.791257917881012,1148.3907470703125,680.61328125,0.6924237012863159
,348,0.9662649035453796,1140.3917236328125,744.1195678710938,0.4530870318412781,1145.0029296875,724.3235473632812,0.6450790166854858,1148.54345703125,688.7188720703125,0.7314786911010742
,349,0.9598479270935059,1143.9295654296875,751.898681640625,0.784831702709198,1144.780029296875,732.2907104492188,0.7859925031661987,1151.8306884765625,696.1690673828125,0.7309165596961975
,350,0.9786134958267212,1144.0614013671875,759.8404541015625,0.7197852730751038,1148.2607421875,740.2767333984375,0.7068885564804077,1148.7218017578125,704.2272338867188,0.7483115792274475
,351,0.9597684144973755,1144.720703125,764.7880249023438,0.7126143574714661,1148.84619140625,745.362060546875,0.7770963311195374,1152.706298828125,709.0156860351562,0.7033904790878296
,352,0.9546680450439453,1147.6435546875,772.968994140625,0.7789404392242432,1151.677001953125,753.3693237304688,0.7558304667472839,1152.167236328125,717.0401611328125,0.7352269887924194
,353,0.9711912870407104,1148.0274658203125,780.619140625,0.7418805360794067,1152.2193603515625,761.1163940429688,0.7483980059623718,1152.6856689453125,724.765380859375,0.7054972052574158
,354,0.9631046056747437,1148.751220703125,788.384033203125,0.7648656368255615,1152.67333984375,768.8056030273438,0.7831829786300659,1156.489013671875,732.5116577148438,0.716745913028717
,355,0.9626617431640625,1148.73486328125,795.9281616210938,0.646452784538269,1153.1544189453125,776.4285278320312,0.7153566479682922,1156.8541259765625,740.1773681640625,0.7264323234558105
,356,0.9457259774208069,1152.222900390625,801.171142578125,0.7822977900505066,1156.1004638671875,784.4147338867188,0.7899641394615173,1159.9725341796875,745.0353393554688,0.6974213123321533
,357,0.9506351351737976,1148.9991455078125,811.5880737304688,0.6100143790245056,1156.45068359375,791.926025390625,0.6484552621841431,1160.2564697265625,755.4434814453125,0.7580185532569885
,358,0.9489628076553345,1156.409423828125,816.2882690429688,0.7216082811355591,1157.1153564453125,796.818115234375,0.7875635027885437,1160.845703125,760.4703369140625,0.7134827971458435
,359,0.9695853590965271,1152.670654296875,824.3976440429688,0.7226689457893372,1159.780517578125,804.8862915039062,0.7084566354751587,1160.1236572265625,768.4415893554688,0.7633297443389893
,360,0.9604982733726501,1156.616943359375,831.7888793945312,0.7653538584709167,1160.4171142578125,812.2517700195312,0.7781317234039307,1160.8546142578125,775.915771484375,0.7290359139442444
,361,0.95966637134552,1156.8089599609375,836.7686157226562,0.6166301369667053,1160.9412841796875,817.3958740234375,0.7406120896339417,1161.184326171875,781.1127319335938,0.7020728588104248
,362,0.968323290348053,1159.727294921875,844.6430053710938,0.7514757513999939,1163.787109375,825.0908203125,0.7520832419395447,1164.0831298828125,788.654541015625,0.7209049463272095
,363,0.9709346890449524,1160.656982421875,852.2349853515625,0.7391636967658997,1164.451416015625,832.6646728515625,0.7749080061912537,1164.6640625,796.2584228515625,0.7252244353294373
,364,0.9700435400009155,1160.615966796875,859.8634643554688,0.5050485134124756,1164.965576171875,840.1575317382812,0.6690199971199036,1165.02685546875,804.0051879882812,0.7404967546463013
,365,0.9554455876350403,1164.202392578125,864.919677734375,0.7616769671440125,1168.07373046875,848.2388916015625,0.7829391956329346,1168.443115234375,808.8114013671875,0.7137574553489685
,366,0.9656327366828918,1164.13427734375,872.5941772460938,0.46848952770233154,1168.5430908203125,853.0009765625,0.6642179489135742,1168.64501953125,816.8304443359375,0.748822033405304
,367,0.9404351711273193,1168.7548828125,880.2247924804688,0.762085497379303,1169.3001708984375,860.5512084960938,0.7945917844772339,1169.2744140625,824.1179809570312,0.7132758498191833
,368,0.9636431932449341,1168.15966796875,888.0628662109375,0.7792052030563354,1172.052490234375,868.5172729492188,0.7416261434555054,1172.5819091796875,831.9266357421875,0.7475501894950867
,369,0.958763599395752,1168.6351318359375,892.784423828125,0.7002137303352356,1172.650390625,873.4219360351562,0.7660709619522095,1176.3992919921875,836.9360961914062,0.7054581046104431
,370,0.9435529708862305,1171.733154296875,900.8943481445312,0.7996858954429626,1175.5384521484375,881.2724609375,0.7782135009765625,1176.065185546875,844.8167724609375,0.7003380656242371
,371,0.9745555520057678,1172.019775390625,908.5122680664062,0.7536672949790955,1176.1553955078125,889.0016479492188,0.7531448602676392,1176.521728515625,852.4675903320312,0.7219399809837341
,372,0.9589260816574097,1172.937255859375,915.6515502929688,0.6996644139289856,1176.807861328125,896.3182373046875,0.7700249552726746,1177.1165771484375,859.9444580078125,0.7229669690132141
,373,0.955966591835022,1175.4803466796875,923.5590209960938,0.6095665097236633,1179.7274169921875,903.9461669921875,0.6455093622207642,1180.2498779296875,867.6188354492188,0.7511352300643921
,374,0.9697955846786499,1176.5654296875,928.4808349609375,0.747378945350647,1180.3863525390625,909.041015625,0.7927588820457458,1184.17529296875,872.5142211914062,0.7006521224975586
,375,0.9717028737068176,1176.8072509765625,936.1671142578125,0.5908000469207764,1181.0042724609375,916.7357788085938,0.7164546847343445,1181.0260009765625,880.5538940429688,0.7122222185134888
,376,0.9438849091529846,1180.2021484375,943.6986083984375,0.7590053677558899,1183.9862060546875,924.2565307617188,0.7787195444107056,1184.4295654296875,887.854248046875,0.709474503993988
,377,0.9535675048828125,1180.7908935546875,951.455322265625,0.7019847631454468,1184.6666259765625,932.0569458007812,0.736335813999176,1184.9803466796875,895.7410278320312,0.7364884614944458
,378,0.9516035318374634,1183.8046875,956.596923828125,0.7400131225585938,1187.7445068359375,937.1622924804688,0.7642977237701416,1187.85107421875,900.7171020507812,0.7049204707145691
,379,0.9648769497871399,1184.6729736328125,964.1663208007812,0.7368935942649841,1188.4561767578125,944.7314453125,0.768889307975769,1188.620849609375,908.3946533203125,0.732657790184021
,380,0.9545367360115051,1184.9716796875,971.6494750976562,0.4977675676345825,1189.15869140625,952.0260620117188,0.6754204034805298,1189.13671875,915.9636840820312,0.7391301989555359
,381,0.9584058523178101,1188.4962158203125,976.8182373046875,0.7608069181442261,1192.249267578125,957.2540893554688,0.7929093837738037,1192.5404052734375,920.8609008789062,0.6990146040916443
,382,0.9828202724456787,1188.55419921875,984.31787109375,0.3964845538139343,1192.9246826171875,964.503662109375,0.6385165452957153,1193.0625,928.5900268554688,0.750862717628479
,383,0.950011670589447,1192.159912109375,991.8797607421875,0.7870891094207764,1195.8994140625,972.41162109375,0.7993201613426208,1199.8487548828125,935.9218139648438,0.7262502908706665
,384,0.9687393307685852,1192.4063720703125,999.4505615234375,0.6501436829566956,1196.69580078125,979.9530639648438,0.6851469874382019,1200.4078369140625,943.5342407226562,0.7461153268814087
,385,0.9693361520767212,1195.9246826171875,1004.3795776367188,0.792358934879303,1199.784423828125,984.8322143554688,0.8025375008583069,1200.4561767578125,948.2904663085938,0.725165069103241
,386,0.9688858985900879,1196.5179443359375,1011.8660888671875,0.7523776292800903,1200.588134765625,992.4473266601562,0.7419412136077881,1204.440673828125,955.9835815429688,0.7500023245811462
,387,0.9622732996940613,1199.7078857421875,1016.9959106445312,0.7944191098213196,1203.689697265625,1000.2789916992188,0.7886561155319214,1204.418212890625,960.7924194335938,0.7071049809455872
,388,0.9749691486358643,1200.420166015625,1024.4908447265625,0.7888566851615906,1204.277099609375,1004.9307250976562,0.7783612012863159,1208.2698974609375,968.345947265625,0.7357872128486633
,389,0.9674979448318481,1200.732666015625,1031.7596435546875,0.710789144039154,1204.9765625,1012.373779296875,0.7466462850570679,1209.018798828125,975.8309936523438,0.7200194597244263
,390,0.9653953909873962,1204.1331787109375,1036.77978515625,0.7875397801399231,1208.0118408203125,1020.0396728515625,0.8053386211395264,1211.9267578125,980.5980224609375,0.7246358394622803
,391,0.9877939224243164,1204.2474365234375,1044.0635986328125,0.6060544848442078,1208.616943359375,1024.551513671875,0.6951833963394165,1212.343505859375,988.0068359375,0.7526782155036926
,392,0.9669260382652283,1207.919189453125,1049.0189208984375,0.7940329909324646,1211.72607421875,1032.30810546875,0.8237354159355164,1215.776123046875,992.7398071289062,0.6930996775627136
,393,0.9801591634750366,1208.1114501953125,1056.433349609375,0.5330308079719543,1212.4259033203125,1036.9609375,0.6884180903434753,1212.6380615234375,1000.6162719726562,0.7540368437767029
,394,0.9577476978302002,1212.417724609375,1063.78564453125,0.7589355111122131,1213.071533203125,1044.27392578125,0.8045483827590942,1216.803955078125,1007.76904296875,0.7080579996109009
,395,0.962048351764679,1212.1707763671875,1068.94091796875,0.7775529623031616,1216.103759765625,1052.234375,0.7757435441017151,1216.442626953125,1012.7101440429688,0.7288807034492493
,396,0.977685809135437,1212.6324462890625,1076.010009765625,0.7173886299133301,1216.64892578125,1056.651611328125,0.7611537575721741,1220.2403564453125,1019.9490966796875,0.7243702411651611
,397,0.9474555253982544,1215.756103515625,1080.9697265625,0.7664485573768616,1219.6956787109375,1064.36962890625,0.780422031879425,1220.050537109375,1024.8017578125,0.7316447496414185
,398,0.9751495718955994,1216.1527099609375,1088.4356689453125,0.6863402724266052,1220.2877197265625,1068.9560546875,0.7308223247528076,1220.6158447265625,1032.396484375,0.7603110671043396
,399,0.9449265003204346,1220.4075927734375,1095.7154541015625,0.7569782137870789,1221.03662109375,1076.2259521484375,0.7973311543464661,1221.280517578125,1039.8240966796875,0.719917893409729
,400,0.9628936052322388,1219.68115234375,1100.703125,0.6026309728622437,1223.955322265625,1081.1617431640625,0.7030696272850037,1224.08935546875,1044.6781005859375,0.7748678922653198
,401,0.9630810022354126,1224.0706787109375,1108.0745849609375,0.7666510939598083,1224.6405029296875,1088.552001953125,0.8069950342178345,1228.384765625,1051.77783203125,0.7192409038543701
,402,0.9507379531860352,1221.27783203125,1112.7989501953125,0.4604487717151642,1225.2532958984375,1093.181640625,0.6840164661407471,1228.6103515625,1056.814453125,0.7522830367088318
,403,0.9629135727882385,1224.44873046875,1120.3851318359375,0.7779240608215332,1228.2623291015625,1103.6925048828125,0.7977611422538757,1228.6912841796875,1063.8865966796875,0.7245519757270813
,404,0.9617159366607666,1225.1251220703125,1127.970703125,0.7753632068634033,1228.830810546875,1108.441162109375,0.7790299654006958,1232.581787109375,1071.4901123046875,0.7497901320457458
,405,0.9657310247421265,1227.988037109375,1132.7645263671875,0.789503276348114,1231.808837890625,1116.0482177734375,0.7789891958236694,1232.23779296875,1076.1876220703125,0.728807270526886
,406,0.9589771628379822,1228.6324462890625,1140.1143798828125,0.7876213788986206,1232.3673095703125,1120.5711669921875,0.793739914894104,1236.1417236328125,1083.619384765625,0.7309717535972595
,407,0.966949462890625,1228.72119140625,1144.9150390625,0.6636349558830261,1232.9434814453125,1128.2913818359375,0.7384844422340393,1236.6119384765625,1088.494384765625,0.745841383934021
,408,0.9489759206771851,1231.9971923828125,1152.3720703125,0.8004644513130188,1235.806640625,1135.7152099609375,0.8184646368026733,1239.820556640625,1095.8472900390625,0.7219347357749939
,409,0.9598613381385803,1232.137939453125,1159.94580078125,0.7943286299705505,1236.2008056640625,1140.4715576171875,0.7341086864471436,1240.3018798828125,1103.4140625,0.760900616645813
,410,0.9537749290466309,1233.208984375,1164.690673828125,0.7752730846405029,1236.9422607421875,1147.9046630859375,0.8344675898551941,1240.8052978515625,1108.1749267578125,0.7285037040710449
,411,0.9638499617576599,1235.76318359375,1172.4190673828125,0.822425365447998,1239.6787109375,1155.7125244140625,0.7759039998054504,1243.5645751953125,1115.8812255859375,0.7333081960678101
,412,0.9737122654914856,1236.322998046875,1177.08056640625,0.7724822163581848,1240.2802734375,1160.388427734375,0.8088153600692749,1244.0299072265625,1120.70751953125,0.7127125859260559
,413,0.9688393473625183,1236.7501220703125,1184.5738525390625,0.7692290544509888,1240.688232421875,1167.8792724609375,0.79728764295578,1244.3272705078125,1128.20751953125,0.7331539392471313
,414,0.9780192375183105,1237.2164306640625,1192.140869140625,0.7403373122215271,1241.0614013671875,1172.6578369140625,0.7520110607147217,1244.7763671875,1135.7086181640625,0.7358269095420837
,415,0.9468261003494263,1240.1016845703125,1197.038818359375,0.7861776947975159,1243.8753662109375,1180.2564697265625,0.8204463720321655,1244.3397216796875,1140.682373046875,0.6990295648574829
,416,0.9710689783096313,1240.0308837890625,1204.5657958984375,0.7332194447517395,1244.17578125,1187.9385986328125,0.7239992618560791,1247.869384765625,1148.2198486328125,0.7633765339851379
,417,0.9566637873649597,1243.998046875,1209.30322265625,0.7577635645866394,1244.7384033203125,1192.5382080078125,0.8382747173309326,1248.44140625,1152.991455078125,0.6903989315032959
,418,0.9491959810256958,1241.0264892578125,1216.9078369140625,0.6041826009750366,1245.124267578125,1200.270751953125,0.7195028066635132,1248.7342529296875,1160.7474365234375,0.7558092474937439
,419,0.9638135433197021,1243.9276123046875,1224.582763671875,0.8015852570533752,1247.78955078125,1207.8692626953125,0.8125436902046204,1251.69580078125,1167.992431640625,0.7304163575172424
,420,0.9527097940444946,1244.3199462890625,1232.2010498046875,0.8018319010734558,1248.0640869140625,1212.62353515625,0.7753193974494934,1251.899169921875,1175.7060546875,0.7449584603309631
,421,0.9719767570495605,1244.4376220703125,1236.9833984375,0.738379716873169,1248.452880859375,1220.3154296875,0.769878625869751,1252.062744140625,1180.6470947265625,0.7339134812355042
,422,0.9611334204673767,1244.9560546875,1244.6982421875,0.7631815671920776,1248.80810546875,1227.968994140625,0.8127349019050598,1252.401611328125,1188.2508544921875,0.7333574891090393
,423,0.9692331552505493,1244.9761962890625,1252.4210205078125,0.76411372423172,1249.0477294921875,1232.8023681640625,0.7620002627372742,1252.73291015625,1195.845703125,0.7431567311286926
,424,0.9422389268875122,1248.1209716796875,1257.266357421875,0.802580714225769,1251.811279296875,1240.5260009765625,0.8360909819602966,1255.858154296875,1200.623779296875,0.7245495319366455
,425,0.9534064531326294,1244.7052001953125,1264.886962890625,0.6868671774864197,1251.92333984375,1248.245361328125,0.7245925068855286,1252.4368896484375,1208.5059814453125,0.7769713401794434
,426,0.960928738117218,1248.56982421875,1272.25830078125,0.7971574664115906,1252.2864990234375,1252.628662109375,0.8079187870025635,1256.0723876953125,1215.7288818359375,0.7375540137290955
,427,0.9478867053985596,1248.8441162109375,1279.9403076171875,0.8041452169418335,1252.57666015625,1260.2841796875,0.7790976166725159,1256.3406982421875,1223.57958984375,0.7630009651184082
,428,0.9769390821456909,1249.036865234375,1284.47509765625,0.7121230959892273,1252.899658203125,1265.02197265625,0.7721344232559204,1253.1739501953125,1228.5216064453125,0.7347006797790527
,429,0.9483085870742798,1252.63037109375,1292.009033203125,0.7573972344398499,1253.151123046875,1272.4298095703125,0.7943300008773804,1253.259765625,1236.145751953125,0.7233408689498901
,430,0.9509134292602539,1251.6844482421875,1299.6910400390625,0.7583691477775574,1255.752685546875,1280.08935546875,0.7146110534667969,1256.0303955078125,1243.4349365234375,0.7546259760856628
,431,0.9684851169586182,1252.5250244140625,1304.338623046875,0.7664084434509277,1256.1917724609375,1284.7730712890625,0.7928230166435242,1256.5023193359375,1248.364013671875,0.7143904566764832
,432,0.9737204909324646,1252.1273193359375,1311.91943359375,0.617561936378479,1256.39453125,1292.2415771484375,0.6819220185279846,1256.58203125,1255.893310546875,0.776012659072876
,433,0.9776551127433777,1256.3521728515625,1316.509521484375,0.7733659744262695,1256.8472900390625,1296.9068603515625,0.8127375245094299,1260.625244140625,1260.5389404296875,0.6867674589157104
,434,0.9705620408058167,1253.14501953125,1323.9451904296875,0.6020095944404602,1257.13623046875,1304.3248291015625,0.7058231830596924,1257.23779296875,1268.0909423828125,0.7578226923942566
,435,0.9706777334213257,1256.2999267578125,1328.756591796875,0.7971473932266235,1259.9322509765625,1309.013427734375,0.8008667230606079,1260.218994140625,1272.54052734375,0.7340668439865112
,436,0.9787253141403198,1256.380126953125,1336.1396484375,0.7765476107597351,1260.22998046875,1316.5738525390625,0.7590562701225281,1260.4820556640625,1280.10498046875,0.7622683048248291
,437,0.9732365012168884,1256.7247314453125,1340.5435791015625,0.6942686438560486,1260.7052001953125,1321.08251953125,0.7642738819122314,1260.8692626953125,1284.75439453125,0.7503435611724854
,438,0.9587733745574951,1260.5391845703125,1347.9974365234375,0.7597654461860657,1261.1539306640625,1328.409912109375,0.7976240515708923,1264.6572265625,1292.0704345703125,0.7176371216773987
,439,0.9762255549430847,1259.7489013671875,1352.5546875,0.6754229068756104,1263.8900146484375,1333.0716552734375,0.7214664220809937,1264.0819091796875,1296.6712646484375,0.7620344161987305
,440,0.9520125389099121,1260.822021484375,1357.19775390625,0.7693870663642883,1264.502197265625,1340.4224853515625,0.8096646666526794,1268.1005859375,1300.9791259765625,0.7111532092094421
,441,0.9779897928237915,1260.6458740234375,1364.2979736328125,0.5501759648323059,1264.83984375,1344.5953369140625,0.6987098455429077,1264.8671875,1308.367431640625,0.7739505767822266
,442,0.9614899754524231,1264.2081298828125,1368.569580078125,0.774175763130188,1267.8408203125,1349.0797119140625,0.7896830439567566,1268.221923828125,1312.65087890625,0.703433096408844
,443,0.9689780473709106,1264.8800048828125,1375.869873046875,0.7106471657752991,1268.3482666015625,1356.1331787109375,0.7210103273391724,1264.5469970703125,1320.163330078125,0.7687626481056213
,444,0.9719542264938354,1269.1307373046875,1379.7454833984375,0.6229307055473328,1269.14501953125,1360.2730712890625,0.7499718070030212,1264.6851806640625,1324.42578125,0.7318759560585022
,445,0.9499210119247437,1276.0068359375,1384.11572265625,0.44088712334632874,1275.3555908203125,1364.2408447265625,0.6303500533103943,1263.836669921875,1329.091552734375,0.7384171485900879
,446,0.9644036889076233,,,0.0,1275.74853515625,1364.5667724609375,0.5023337006568909,1260.26416015625,1336.498046875,0.7588979601860046
,447,0.9467371702194214,1288.2794189453125,1389.2738037109375,0.3446520268917084,1277.0576171875,1372.3282470703125,0.5761487483978271,1256.8577880859375,1340.96484375,0.7041683793067932
,448,0.9610515236854553,,,0.0,1275.919921875,1367.90625,0.5379654765129089,1291.9234619140625,1395.804443359375,0.8520359992980957
,449,0.9414445757865906,1296.4453125,1396.6097412109375,0.2532930076122284,1284.10498046875,1377.028076171875,0.553467333316803,1256.5533447265625,1352.940185546875,0.7425284385681152
,450,0.9721968173980713,1299.9287109375,1404.027099609375,0.21422092616558075,1284.31591796875,1380.2293701171875,0.5465152859687805,1260.251708984375,1359.822998046875,0.8423394560813904
,451,0.9265302419662476,1301.6455078125,1400.8753662109375,0.6898825764656067,1289.3232421875,1388.350341796875,0.74428790807724,1257.121826171875,1364.380126953125,0.7226622700691223
,452,0.9505417346954346,1308.3924560546875,1404.7603759765625,0.5830632448196411,1292.814453125,1392.2828369140625,0.7045586705207825,1260.9444580078125,1368.4881591796875,0.8407440185546875
,453,0.9412645101547241,1312.27734375,1408.12158203125,0.425220251083374,1296.6378173828125,1392.8067626953125,0.6415273547172546,1264.3369140625,1372.5009765625,0.8310301303863525
,454,0.9553168416023254,1316.52392578125,1408.59375,0.6079756021499634,1300.9100341796875,1396.5792236328125,0.7132245302200317,1268.152587890625,1376.4559326171875,0.8177409768104553
,455,0.9446226358413696,1320.5904541015625,1412.0789794921875,0.4014415144920349,1304.844970703125,1399.887939453125,0.6550166010856628,1272.201904296875,1380.174560546875,0.792090117931366
,456,0.9327450394630432,1325.3013916015625,1412.3638916015625,0.6552000045776367,1312.2431640625,1400.965576171875,0.7408215403556824,1272.8489990234375,1384.702392578125,0.8116610050201416
,457,0.9338849782943726,1329.4381103515625,1415.896240234375,0.5487637519836426,1316.359375,1404.185302734375,0.7208051681518555,1277.4764404296875,1387.968994140625,0.7981445789337158
,458,0.9388376474380493,1336.80810546875,1412.7703857421875,0.5645903944969177,1323.6868896484375,1404.5966796875,0.7333123087882996,1284.08349609375,1392.1915283203125,0.7796261310577393
,459,0.934917151927948,1344.2916259765625,1416.2537841796875,0.2805064618587494,1325.1124267578125,1407.731201171875,0.5484333634376526,1288.8531494140625,1392.3792724609375,0.8557722568511963
,460,0.9368239045143127,1348.927490234375,1412.448974609375,0.5740633010864258,1335.68896484375,1407.791015625,0.7515777349472046,1295.9859619140625,1396.2276611328125,0.7851006984710693
,461,0.9379308223724365,1356.8416748046875,1412.7828369140625,0.524491012096405,1340.70068359375,1408.2843017578125,0.7003891468048096,1300.7593994140625,1396.7174072265625,0.8507386445999146
,462,0.9514460563659668,1364.1181640625,1412.8660888671875,0.48240530490875244,1348.071533203125,1408.2974853515625,0.7241406440734863,1308.388916015625,1396.8739013671875,0.7993929982185364
,463,0.9547361731529236,1372.1953125,1412.8289794921875,0.7316697835922241,1355.824951171875,1408.4326171875,0.8080053925514221,1316.4781494140625,1396.8135986328125,0.7906697392463684
,464,0.9591375589370728,1376.7840576171875,1412.8726806640625,0.483923077583313,1360.6683349609375,1408.4461669921875,0.7236703634262085,1324.0589599609375,1397.0667724609375,0.8348372578620911
,465,0.9644509553909302,1387.7315673828125,1409.057861328125,0.7314167022705078,1368.4654541015625,1404.989990234375,0.8377965688705444,1332.3338623046875,1396.8016357421875,0.7594028115272522
,466,0.9729717373847961,1392.51611328125,1412.4041748046875,0.5846639275550842,1376.4088134765625,1405.0611572265625,0.7660428881645203,1339.8814697265625,1396.968994140625,0.8416948914527893
,467,0.9676396250724792,1400.318115234375,1408.34765625,0.6478371024131775,1381.17333984375,1404.3265380859375,0.8248172402381897,1345.21435546875,1399.9647216796875,0.7123605608940125
,468,0.9607449769973755,1405.3524169921875,1408.1588134765625,0.34265899658203125,1389.316162109375,1404.1326904296875,0.6567440629005432,1353.156494140625,1399.89404296875,0.8219955563545227
,469,0.9841963648796082,1413.4539794921875,1404.5250244140625,0.6416423916816711,1397.0419921875,1400.76123046875,0.8124979138374329,1360.96337890625,1396.330322265625,0.7462616562843323
,470,0.9810362458229065,1421.3792724609375,1403.9505615234375,0.5309830904006958,1405.2567138671875,1400.23974609375,0.753757894039154,1368.9976806640625,1396.364013671875,0.8234555721282959
,471,0.9847248792648315,1429.1749267578125,1400.5355224609375,0.620790421962738,1412.8416748046875,1396.880859375,0.8005903959274292,1376.7213134765625,1392.99560546875,0.784203827381134
,472,0.9857107400894165,1437.1619873046875,1396.307861328125,0.698488712310791,1420.74853515625,1396.091552734375,0.828556478023529,1384.7967529296875,1396.1474609375,0.7885451316833496
,473,0.9873859882354736,1444.70458984375,1392.8719482421875,0.5756245255470276,1428.530029296875,1392.6796875,0.7868862748146057,1392.70947265625,1392.8006591796875,0.800773561000824
,474,0.9685479998588562,1452.3394775390625,1388.1422119140625,0.6208125948905945,1436.17724609375,1388.54248046875,0.7978003025054932,1400.5362548828125,1395.9942626953125,0.738913357257843
,475,0.968854546546936,1456.9033203125,1384.9046630859375,0.3583269715309143,1441.0322265625,1388.17822265625,0.684361457824707,1405.3897705078125,1392.580322265625,0.808436393737793
,476,0.9842455983161926,1464.6890869140625,1380.7281494140625,0.5501769781112671,1448.55810546875,1384.3387451171875,0.804554283618927,1416.1229248046875,1392.4486083984375,0.7209492921829224
,477,0.9762181639671326,1472.0955810546875,1376.3604736328125,0.23724856972694397,1456.0406494140625,1380.380126953125,0.5962572693824768,1420.903076171875,1391.875244140625,0.8214402794837952
,478,0.961803138256073,1476.739013671875,1372.1036376953125,0.32621270418167114,1460.4647216796875,1376.3167724609375,0.6613764762878418,1428.6295166015625,1391.7945556640625,0.766197681427002
,479,0.9702025055885315,,,0.0,1464.5709228515625,1372.7818603515625,0.4939288794994354,1436.3316650390625,1388.2493896484375,0.8457737565040588
,480,0.9564319252967834,,,0.0,1468.4783935546875,1368.7891845703125,0.5128293037414551,1441.1490478515625,1384.6611328125,0.763117790222168
,481,0.9539197087287903,,,0.0,1468.912109375,1368.2205810546875,0.4677736759185791,1496.14306640625,1352.325927734375,0.777449369430542
,482,0.9615039825439453,1457.1268310546875,1383.76806640625,0.3128013014793396,1472.705322265625,1364.630126953125,0.5724008083343506,1500.1905517578125,1347.9981689453125,0.7685116529464722
,483,0.9595898389816284,1501.334228515625,1344.002685546875,0.2651646137237549,1484.8314208984375,1355.98291015625,0.5820396542549133,1460.67822265625,1376.33935546875,0.7525869607925415
,484,0.9397445321083069,,,0.0,1488.106689453125,1352.453125,0.4951235055923462,1467.4276123046875,1371.7569580078125,0.7803640961647034
,485,0.9641030430793762,,,0.0,1492.049072265625,1348.386962890625,0.49499911069869995,1512.4837646484375,1328.925048828125,0.7579749822616577
,486,0.9642661213874817,,,0.0,1496.1292724609375,1344.279541015625,0.5101155042648315,1475.8287353515625,1360.5711669921875,0.7859204411506653
,487,0.9485085606575012,1483.73193359375,1360.505126953125,0.2616089880466461,1499.9156494140625,1337.0491943359375,0.5055030584335327,1520.4124755859375,1317.2552490234375,0.7802026867866516
,488,0.9581490159034729,1524.5352783203125,1312.9388427734375,0.2894343435764313,1508.1075439453125,1328.4808349609375,0.5243906378746033,1483.9576416015625,1352.1265869140625,0.8123311400413513
,489,0.9487485289573669,1525.672119140625,1308.0035400390625,0.6131490468978882,1512.6602783203125,1320.072265625,0.6753008365631104,1484.845703125,1344.5667724609375,0.7361348867416382
,490,0.950485110282898,1532.1024169921875,1300.574462890625,0.622010350227356,1519.4130859375,1312.7388916015625,0.6606938242912292,1491.8367919921875,1340.246337890625,0.826065182685852
,491,0.9474908113479614,1533.326904296875,1295.9195556640625,0.4052927792072296,1517.1107177734375,1308.336669921875,0.5677698254585266,1492.609619140625,1332.4012451171875,0.7551606297492981
,492,0.9644599556922913,1536.943115234375,1288.2783203125,0.749855101108551,1524.313232421875,1300.3231201171875,0.7638337016105652,1496.42578125,1327.8961181640625,0.7859084606170654
,493,0.9669559597969055,1540.8519287109375,1280.9417724609375,0.626247763633728,1528.125732421875,1292.9940185546875,0.7022240161895752,1500.2445068359375,1320.405029296875,0.8429840803146362
,494,0.9499625563621521,1544.1048583984375,1275.8592529296875,0.6316101551055908,1531.4293212890625,1287.9156494140625,0.7041038870811462,1503.58251953125,1312.4097900390625,0.7801218628883362
,495,0.9499567151069641,1545.4786376953125,1268.2335205078125,0.7317031621932983,1532.6533203125,1280.4173583984375,0.708195149898529,1504.568359375,1304.843994140625,0.8302749395370483
,496,0.9778503775596619,1548.4744873046875,1260.7713623046875,0.5210996866226196,1535.7958984375,1273.0296630859375,0.6648501753807068,1508.17236328125,1300.3162841796875,0.7757458686828613
,497,0.9524419903755188,1552.3358154296875,1252.927978515625,0.6021576523780823,1539.7540283203125,1265.24267578125,0.6588674187660217,1512.0313720703125,1292.6290283203125,0.8464415669441223
,498,0.9752821326255798,1553.0078125,1248.1220703125,0.630553662776947,1540.33837890625,1260.248779296875,0.7063115239143372,1512.5162353515625,1287.740478515625,0.7612736821174622
,499,0.9731873273849487,1556.5030517578125,1240.290771484375,0.7160674929618835,1544.02197265625,1252.50341796875,0.7387090921401978,1516.1444091796875,1279.95654296875,0.8066371083259583
,500,0.9576717615127563,1559.93994140625,1232.819580078125,0.4460321366786957,1544.2257080078125,1245.22705078125,0.583686888217926,1519.912841796875,1272.3570556640625,0.8131519556045532
,501,0.9653126001358032,1560.3865966796875,1225.0753173828125,0.353094220161438,1544.786865234375,1240.749267578125,0.5950577259063721,1520.790771484375,1264.755615234375,0.7963110208511353
,502,0.9574013352394104,1564.08740234375,1219.9017333984375,0.5459678769111633,1548.46728515625,1232.355712890625,0.6273311376571655,1523.8466796875,1256.5767822265625,0.8240675926208496
,503,0.9733474850654602,1564.419921875,1212.3673095703125,0.5445716381072998,1551.9468994140625,1224.6578369140625,0.688650906085968,1524.56298828125,1252.0626220703125,0.7588262557983398
,504,0.9582515358924866,1568.036376953125,1204.5526123046875,0.5346547365188599,1552.4423828125,1217.007080078125,0.6136378049850464,1527.8046875,1241.1304931640625,0.8248730301856995
,505,0.9626374840736389,1568.127685546875,1197.047607421875,0.2093387395143509,1552.2852783203125,1212.99365234375,0.5259059071540833,1528.0670166015625,1236.6390380859375,0.7429744601249695
,506,0.9466871619224548,1569.2425537109375,1191.9031982421875,0.6324556469917297,1556.55419921875,1204.2230224609375,0.6882011294364929,1528.5498046875,1228.3226318359375,0.8068743348121643
,507,0.9741612672805786,1572.1080322265625,1184.539794921875,0.41184201836586,1556.3856201171875,1196.94140625,0.5899820327758789,1531.8165283203125,1223.9136962890625,0.7908532023429871
,508,0.9706081748008728,1572.6785888671875,1177.0673828125,0.448763370513916,1560.0721435546875,1189.334716796875,0.6359344124794006,1532.162109375,1213.1729736328125,0.8141040205955505
,509,0.953182578086853,1573.5535888671875,1172.1611328125,0.7299111485481262,1560.7650146484375,1184.076904296875,0.7487631440162659,1529.4051513671875,1208.242431640625,0.7865075469017029
,510,0.9706687927246094,1576.4188232421875,1164.709716796875,0.7061750888824463,1563.8760986328125,1176.6253662109375,0.7695984244346619,1535.7127685546875,1200.7239990234375,0.811109185218811
,511,0.9775757789611816,1577.2359619140625,1160.018310546875,0.6671379208564758,1564.4495849609375,1169.1446533203125,0.7279663681983948,1536.281494140625,1193.2052001953125,0.8302460312843323
,512,0.9713842272758484,1580.475341796875,1152.52783203125,0.8140998482704163,1564.746337890625,1164.2947998046875,0.828682541847229,1536.340576171875,1188.5535888671875,0.7565568089485168
,513,0.9729357361793518,1580.755615234375,1144.58154296875,0.8002065420150757,1567.985107421875,1156.650146484375,0.801034152507782,1536.709228515625,1180.6929931640625,0.8293716907501221
,514,0.9577782154083252,1580.761474609375,1140.654541015625,0.5864245891571045,1568.1259765625,1152.6380615234375,0.7403879165649414,1539.998046875,1176.64453125,0.786409854888916
,515,0.9664762020111084,1584.887939453125,1132.61083984375,0.8167650103569031,1569.021484375,1144.3524169921875,0.7931004762649536,1537.1837158203125,1168.2288818359375,0.8242584466934204
,516,0.9577005505561829,1587.760986328125,1128.37646484375,0.7864363789558411,1572.006103515625,1137.1361083984375,0.805930495262146,1540.48583984375,1161.2313232421875,0.801598072052002
,517,0.9766774773597717,1588.5487060546875,1120.560546875,0.8531129360198975,1572.6165771484375,1132.2430419921875,0.843177318572998,1540.779052734375,1156.368408203125,0.811726987361908
,518,0.9577702283859253,1589.196533203125,1116.3604736328125,0.8189661502838135,1573.1663818359375,1125.00732421875,0.822542667388916,1541.2320556640625,1149.077392578125,0.8042276501655579
,519,0.9631627202033997,1592.1795654296875,1108.5250244140625,0.8584272861480713,1576.28271484375,1120.1407470703125,0.8446275591850281,1544.3653564453125,1144.498046875,0.7907907962799072
,520,0.9736433625221252,1593.126708984375,1104.242431640625,0.8281989693641663,1577.046142578125,1112.9093017578125,0.8266688585281372,1544.8594970703125,1136.7984619140625,0.8306204676628113
,521,0.9506276249885559,1596.06494140625,1096.57421875,0.8650771379470825,1580.079833984375,1108.143798828125,0.8616437911987305,1548.0279541015625,1132.36181640625,0.7959682941436768
,522,0.9575492739677429,1597.211669921875,1092.12158203125,0.8181371688842773,1581.093994140625,1100.813232421875,0.8091009855270386,1548.865234375,1124.8057861328125,0.845948338508606
,523,0.9458283185958862,1600.2071533203125,1084.501953125,0.8609406352043152,1584.184814453125,1096.018798828125,0.8542426228523254,1552.2412109375,1120.6102294921875,0.7861728072166443
,524,0.9377815127372742,1601.3004150390625,1080.0462646484375,0.8219608664512634,1585.154541015625,1088.7117919921875,0.8286001086235046,1552.907470703125,1112.73828125,0.8281381130218506
,525,0.9469006657600403,1604.4542236328125,1072.37353515625,0.8498800992965698,1588.4178466796875,1083.84814453125,0.8365247845649719,1556.170166015625,1108.0816650390625,0.8308220505714417
,526,0.9464457035064697,1607.9630126953125,1068.008056640625,0.854860782623291,1591.982421875,1076.6424560546875,0.8540068864822388,1559.982421875,1100.7137451171875,0.8170064687728882
,527,0.9474965333938599,1609.1495361328125,1060.867919921875,0.821830153465271,1593.0189208984375,1069.402099609375,0.8251102566719055,1560.806640625,1093.2628173828125,0.8423848152160645
,528,0.9600188136100769,1612.4892578125,1056.04150390625,0.8537235260009766,1596.4346923828125,1064.56005859375,0.85927814245224,1564.384033203125,1088.711181640625,0.7671756148338318
,529,0.9409692883491516,1616.241455078125,1048.52392578125,0.8400816917419434,1600.2001953125,1057.15673828125,0.8532538414001465,1568.1151123046875,1081.094970703125,0.8363264203071594
,530,0.9587451815605164,1617.2041015625,1043.884765625,0.8227580785751343,1601.042724609375,1052.4134521484375,0.8499894142150879,1568.8619384765625,1076.631591796875,0.7676109075546265
,531,0.9582313895225525,1621.1402587890625,1036.3165283203125,0.81513911485672,1605.0048828125,1044.9453125,0.8047146797180176,1572.8660888671875,1068.867431640625,0.8313230872154236
,532,0.9554401636123657,1624.524169921875,1031.72998046875,0.8463345170021057,1608.397216796875,1040.24365234375,0.8621582984924316,1576.39013671875,1064.56689453125,0.7746133208274841
,533,0.9680967926979065,1628.6790771484375,1024.2021484375,0.8469103574752808,1612.5255126953125,1032.689697265625,0.8396132588386536,1580.274169921875,1056.534912109375,0.8172178864479065
,534,0.9244823455810547,1632.2779541015625,1016.412109375,0.8474641442298889,1616.21044921875,1027.8797607421875,0.8445388674736023,1584.0712890625,1052.076416015625,0.7934013605117798
,535,0.9528735876083374,1636.3797607421875,1012.1323852539062,0.8533360362052917,1620.2745361328125,1020.6090698242188,0.8513279557228088,1588.16845703125,1044.572265625,0.8095793724060059
,536,0.9488654136657715,1640.3848876953125,1004.755859375,0.836578369140625,1624.2877197265625,1013.275634765625,0.8387302160263062,1591.9378662109375,1037.097900390625,0.8283196687698364
,537,0.9303752183914185,1644.1962890625,999.9637451171875,0.8516364097595215,1628.12548828125,1008.384765625,0.8541157245635986,1595.7880859375,1032.3837890625,0.7859549522399902
,538,0.9511975049972534,1648.322998046875,992.3501586914062,0.8302159309387207,1632.2579345703125,1000.9577026367188,0.8285773992538452,1600.0230712890625,1024.8453369140625,0.8284990787506104
,539,0.9296697378158569,1652.185791015625,987.6539306640625,0.833154022693634,1636.1011962890625,996.2018432617188,0.8479912877082825,1604.0848388671875,1020.3522338867188,0.764936089515686
,540,0.9588927626609802,1656.6749267578125,980.1588745117188,0.8261061906814575,1640.5386962890625,988.75927734375,0.8145227432250977,1608.345703125,1012.6961059570312,0.8373685479164124
,541,0.9565023183822632,1660.4725341796875,972.548095703125,0.8361579179763794,1644.4404296875,984.0845336914062,0.8530376553535461,1612.535400390625,1008.4913330078125,0.7375250458717346
,542,0.9498944282531738,1665.052978515625,968.0198974609375,0.8267042636871338,1648.914306640625,976.6319580078125,0.8260231614112854,1616.687255859375,1000.7098388671875,0.8251269459724426
,543,0.9484724402427673,1669.142333984375,960.3099975585938,0.8204519748687744,1653.000244140625,971.8445434570312,0.8200668692588806,1620.8621826171875,996.0685424804688,0.7893468737602234
,544,0.9468078017234802,1675.969482421875,955.884765625,0.8504130840301514,1659.99169921875,964.5503540039062,0.8430892825126648,1628.179931640625,988.7752685546875,0.7850192189216614
,545,0.951484739780426,1680.378662109375,948.623046875,0.8378624320030212,1664.3433837890625,957.2725219726562,0.8402225375175476,1632.446533203125,981.4019775390625,0.8041226863861084
,546,0.9661955833435059,1684.54296875,943.7715454101562,0.8338691592216492,1668.5616455078125,952.4268798828125,0.8394771814346313,1636.55029296875,976.7605590820312,0.7665897607803345
,547,0.9514429569244385,1689.219482421875,936.6043090820312,0.8143805861473083,1673.1297607421875,945.2951049804688,0.8100535869598389,1641.0557861328125,969.0279541015625,0.8138276934623718
,548,0.954053521156311,1693.324462890625,931.8447265625,0.7937443852424622,1677.2684326171875,940.4712524414062,0.8191182613372803,1645.344970703125,964.840087890625,0.7639506459236145
,549,0.9523613452911377,1700.6732177734375,924.2980346679688,0.8209939002990723,1684.668701171875,932.94189453125,0.8028325438499451,1652.65283203125,957.0673217773438,0.834873616695404
,550,0.9606074690818787,1704.71484375,916.6946411132812,0.8290917873382568,1688.729736328125,928.2256469726562,0.8421327471733093,1656.7342529296875,952.6804809570312,0.7724848389625549
,551,0.9517155885696411,1711.9444580078125,912.0656127929688,0.8424403667449951,1695.9644775390625,920.7525634765625,0.8388944268226624,1664.136962890625,945.0543212890625,0.8059163689613342
,552,0.9405485391616821,1716.380615234375,904.2534790039062,0.8501987457275391,1700.341796875,915.8386840820312,0.8217098116874695,1668.472900390625,940.27685546875,0.795732319355011
,553,0.9511937499046326,1720.9283447265625,896.9629516601562,0.8310830593109131,1704.9267578125,908.577392578125,0.8317210674285889,1672.984619140625,932.973876953125,0.7933458685874939
,554,0.939224123954773,1728.167724609375,892.3793334960938,0.835149347782135,1712.21533203125,901.1492309570312,0.8345968127250671,1680.2640380859375,925.3670043945312,0.8187864422798157
,555,0.9405847191810608,1732.4320068359375,884.5682373046875,0.8460657596588135,1716.474853515625,896.246826171875,0.8312317728996277,1684.81640625,923.82373046875,0.7578960657119751
,556,0.9415714144706726,1739.7164306640625,877.0130004882812,0.8241809010505676,1723.839599609375,888.728759765625,0.8050932884216309,1692.1068115234375,913.0653076171875,0.8329957723617554
,557,0.9333996772766113,1743.924072265625,872.2927856445312,0.8228690028190613,1728.0401611328125,883.8944091796875,0.8079046607017517,1696.3232421875,908.3563232421875,0.7957656979560852
,558,0.9531542062759399,1748.882080078125,864.57666015625,0.8363248109817505,1732.9075927734375,876.3132934570312,0.7928599715232849,1701.154541015625,900.577880859375,0.8290207982063293
,559,0.9336654543876648,1755.7110595703125,857.15234375,0.8044835925102234,1739.983642578125,868.7742309570312,0.790898323059082,1711.5308837890625,896.50244140625,0.7958322763442993
,560,0.9377700686454773,1760.576416015625,851.8902587890625,0.8529151082038879,1744.635498046875,863.7491455078125,0.8090030550956726,1713.047119140625,888.2830810546875,0.7959774732589722
,561,0.9544723033905029,1767.6640625,844.256103515625,0.8044913411140442,1751.89892578125,856.0631103515625,0.7476882338523865,1720.3365478515625,880.7355346679688,0.8082960247993469
,562,0.9516775608062744,1772.2109375,836.6860961914062,0.8401542901992798,1756.48828125,848.6146240234375,0.8201817274093628,1728.110107421875,876.2982788085938,0.7826634049415588
,563,0.9423350691795349,1776.94873046875,829.0303955078125,0.8266863226890564,1761.18408203125,840.9393310546875,0.7820938229560852,1732.5177001953125,868.540771484375,0.8255761861801147
,564,0.943307638168335,1783.7188720703125,823.8757934570312,0.8243569731712341,1767.944580078125,835.7954711914062,0.7895030975341797,1736.4849853515625,860.4891357421875,0.7576303482055664
,565,0.9587505459785461,1788.623291015625,816.075439453125,0.8317217230796814,1772.779052734375,828.101318359375,0.7704164385795593,1744.4151611328125,855.7752075195312,0.7960672378540039
,566,0.9411414861679077,1792.7850341796875,808.559326171875,0.799098551273346,1777.0648193359375,820.487548828125,0.7820968627929688,1748.645751953125,848.4025268554688,0.749476432800293
,567,0.9651073217391968,1800.1962890625,800.5885620117188,0.8190220594406128,1784.4893798828125,812.595947265625,0.7394802570343018,1756.185546875,840.4353637695312,0.8229892253875732
,568,0.950884997844696,1804.4068603515625,793.0916137695312,0.7791434526443481,1788.7418212890625,804.9541625976562,0.7709456086158752,1760.345703125,832.788330078125,0.7823451161384583
,569,0.9403854012489319,1808.6119384765625,784.9581298828125,0.7823846936225891,1795.930419921875,797.0367431640625,0.7505117654800415,1767.68212890625,824.7882080078125,0.8208195567131042
,570,0.9704052805900574,1816.0626220703125,779.7643432617188,0.8084919452667236,1800.22119140625,791.7178955078125,0.7285223007202148,1771.99072265625,819.7005004882812,0.7883725762367249
,571,0.9455194473266602,1820.521484375,771.9251098632812,0.8390041589736938,1804.6942138671875,783.9981689453125,0.7973939776420593,1776.3143310546875,811.750732421875,0.775192141532898
,572,0.9453723430633545,1827.672119140625,763.9824829101562,0.8040186166763306,1811.8787841796875,776.0035400390625,0.7606185674667358,1780.48583984375,800.6437377929688,0.7899777889251709
,573,0.9564420580863953,1831.869140625,756.1950073242188,0.8331738114356995,1816.171875,768.2083129882812,0.7939164042472839,1784.4947509765625,795.8759765625,0.7804116010665894
,574,0.964659571647644,1836.47705078125,748.3585815429688,0.8146329522132874,1820.7098388671875,760.3464965820312,0.7506889700889587,1792.3363037109375,787.9139404296875,0.8023993968963623
,575,0.9570609331130981,1837.4739990234375,740.656005859375,0.733834445476532,1824.734375,752.6798706054688,0.7456280589103699,1796.474609375,780.3695678710938,0.7440427541732788
,576,0.9687692523002625,1844.687744140625,732.271240234375,0.7846792340278625,1831.9713134765625,744.4443359375,0.7275472283363342,1803.816650390625,772.1597900390625,0.8083354234695435
,577,0.9504655003547668,1848.544677734375,724.4361572265625,0.5529850125312805,1835.8060302734375,736.8314208984375,0.6107066869735718,1808.07177734375,764.4690551757812,0.7713877558708191
,578,0.9582159519195557,1853.1875,716.3937377929688,0.7932122349739075,1840.519287109375,728.6638793945312,0.7527832984924316,1812.513427734375,756.3632202148438,0.7959310412406921
,579,0.9525223970413208,1857.380615234375,708.646240234375,0.6635950207710266,1844.64306640625,720.8197021484375,0.6806539297103882,1816.697509765625,748.4942016601562,0.7669561505317688
,580,0.9553007483482361,1861.561767578125,700.68017578125,0.7749467492103577,1848.8995361328125,712.8499145507812,0.774149477481842,1821.0775146484375,740.5831298828125,0.7661179900169373
,581,0.9605996012687683,1868.336181640625,692.6511840820312,0.5904092192649841,1855.7103271484375,704.9104614257812,0.6285450458526611,1827.8548583984375,732.319580078125,0.8173998594284058
,582,0.9559333324432373,1871.959716796875,684.6116943359375,0.43969258666038513,1856.3681640625,697.1259155273438,0.5920329689979553,1831.83203125,724.4918823242188,0.7554482221603394
,583,0.9641505479812622,1876.627197265625,676.5872192382812,0.7011685967445374,1863.9857177734375,688.7587890625,0.6707333922386169,1836.1260986328125,716.47998046875,0.8138846158981323
,584,0.9565728306770325,1880.0726318359375,668.5592041015625,0.457278311252594,1867.3275146484375,681.0154418945312,0.5862381458282471,1839.8538818359375,708.61181640625,0.7358680963516235
,585,0.9591553211212158,1884.6959228515625,660.3519287109375,0.6806651949882507,1871.9837646484375,672.6716918945312,0.6315349340438843,1844.1397705078125,700.3704223632812,0.8130501508712769
,586,0.9500043988227844,1888.3134765625,652.5908813476562,0.6064164042472839,1875.6431884765625,664.7515869140625,0.644208550453186,1847.916259765625,692.5410766601562,0.7629102468490601
,587,0.9615478515625,1892.482177734375,644.42724609375,0.7585850358009338,1879.8682861328125,656.5993041992188,0.7190310955047607,1852.00634765625,684.2417602539062,0.803581178188324
,588,0.9619691967964172,1896.4215087890625,636.4720458984375,0.7291184067726135,1883.728759765625,648.5543823242188,0.6860350370407104,1855.71923828125,676.28076171875,0.7934606671333313
,589,0.9429818391799927,1900.3656005859375,628.3418579101562,0.792133092880249,1887.6668701171875,640.4837646484375,0.7586399912834167,1859.56787109375,668.127197265625,0.7795097231864929
,590,0.9603845477104187,1904.7890625,620.63330078125,0.8069104552268982,1888.992919921875,632.5086059570312,0.7839517593383789,1857.3802490234375,656.8173828125,0.7870008945465088
,591,0.9568048715591431,1908.1925048828125,612.6942749023438,0.7642982006072998,1892.5833740234375,624.5874633789062,0.7725452184677124,1861.04248046875,652.0094604492188,0.7620037794113159
,592,0.9654544591903687,1912.304931640625,604.37060546875,0.7994129061698914,1896.567626953125,616.3790283203125,0.7514387965202332,1865.1363525390625,640.760498046875,0.7916540503501892
,593,0.9506706595420837,1915.7138671875,596.5592651367188,0.7802966833114624,1900.04541015625,608.5059814453125,0.7545509338378906,1871.7574462890625,636.2623291015625,0.7630215883255005
,594,0.9636614322662354,1919.85009765625,588.0802001953125,0.8033359050750732,1904.148193359375,600.1962280273438,0.75067538022995,1872.67822265625,624.7139282226562,0.7894582748413086
,595,0.9367431998252869,1920.8306884765625,580.409912109375,0.8094459176063538,1905.0794677734375,592.3596801757812,0.766065239906311,1876.6334228515625,620.1886596679688,0.761698842048645
,596,0.9561249613761902,1924.6512451171875,572.1784057617188,0.820919930934906,1908.927978515625,584.261474609375,0.7790907025337219,1880.4625244140625,611.9193725585938,0.7797989845275879
,597,0.9706578850746155,1928.2764892578125,564.22705078125,0.7777239084243774,1912.56298828125,576.2318725585938,0.7128767371177673,1884.160400390625,604.0399780273438,0.7825899124145508
,598,0.971187174320221,1928.8358154296875,556.012939453125,0.7973727583885193,1916.1722412109375,568.237060546875,0.7727052569389343,1887.8187255859375,595.9811401367188,0.7619181275367737
,599,0.9575061798095703,1932.633056640625,547.8815307617188,0.780656099319458,1919.9166259765625,560.160888671875,0.7416858673095703,1891.753173828125,587.8678588867188,0.7918093204498291
,600,0.9603780508041382,1936.2548828125,540.1737670898438,0.7883743643760681,1920.6822509765625,552.337158203125,0.7644444704055786,1892.5472412109375,580.3064575195312,0.7397766709327698
,601,0.9645421504974365,1940.12646484375,531.8555908203125,0.7870303988456726,1924.4365234375,544.2113647460938,0.7291274666786194,1896.58837890625,572.1931762695312,0.8010128140449524
,602,0.9691411852836609,1936.8558349609375,520.7092895507812,0.2795788049697876,1923.9415283203125,537.0361328125,0.4484056234359741,1899.84521484375,564.6312255859375,0.6905844211578369
,603,0.9620561599731445,1937.6356201171875,511.9413146972656,0.4519703686237335,1925.22900390625,528.6671142578125,0.4899398982524872,1904.8128662109375,559.9190673828125,0.7052753567695618
,604,0.9665989875793457,,,0.0,1924.2550048828125,532.2225341796875,0.40834110975265503,1908.1268310546875,552.2368774414062,0.6688352227210999
,605,0.9519281387329102,,,0.0,1925.505615234375,524.3053588867188,0.40079465508461,1940.974609375,492.3245544433594,0.7066192030906677
,606,0.9699854850769043,,,0.0,1928.5352783203125,516.3209838867188,0.38515034317970276,1916.643798828125,540.1847534179688,0.7205702662467957
,607,0.956580638885498,,,0.0,1932.3602294921875,496.8774719238281,0.379673033952713,1920.8887939453125,532.627685546875,0.7173798084259033
,608,0.9385920763015747,1935.9498291015625,467.9951171875,0.48531728982925415,1935.6259765625,484.92425537109375,0.48721733689308167,1924.5517578125,524.906494140625,0.8020542860031128
,609,0.9129940867424011,1932.3760986328125,457.1515197753906,0.5726190805435181,1935.4539794921875,476.40582275390625,0.6148841381072998,1928.2943115234375,517.2258911132812,0.7587156295776367
,610,0.9115191698074341,1932.4097900390625,448.8219909667969,0.5938320159912109,1932.9100341796875,468.2501220703125,0.5893065333366394,1932.4835205078125,512.0526123046875,0.8186425566673279
,611,0.8824648261070251,1931.696044921875,440.5389404296875,0.758229672908783,1932.4688720703125,460.0141906738281,0.7313178777694702,1935.78466796875,504.2761535644531,0.8015230894088745
,612,0.8894753456115723,1928.3724365234375,432.1006164550781,0.8003359436988831,1932.374755859375,448.8791198730469,0.7615859508514404,1936.400634765625,496.101806640625,0.840548038482666
,613,0.858660101890564,1924.4776611328125,424.29046630859375,0.8033294081687927,1931.8043212890625,440.7793273925781,0.7853731513023376,1936.5660400390625,488.1822204589844,0.8225197196006775
,614,0.8327251672744751,1924.6060791015625,412.8740234375,0.7943567633628845,1928.908935546875,432.58935546875,0.8429811596870422,1937.3927001953125,476.710205078125,0.825767457485199
,615,0.8433052897453308,1920.6021728515625,404.870849609375,0.7880265712738037,1925.287841796875,424.311767578125,0.7928827404975891,1937.08642578125,468.503662109375,0.8281163573265076
,616,0.8285455703735352,1916.44921875,396.95855712890625,0.7791366577148438,1924.0810546875,416.1316833496094,0.8084895014762878,1939.819580078125,457.05780029296875,0.8021472692489624
,617,0.8318411111831665,1912.8143310546875,388.31011962890625,0.769281804561615,1920.7740478515625,404.7467956542969,0.7991646528244019,1936.48583984375,448.8154296875,0.8371517658233643
,618,0.7934527397155762,1909.26513671875,380.2408142089844,0.787010908126831,1917.284912109375,396.5795593261719,0.8410012125968933,1936.5030517578125,436.95166015625,0.807919442653656
,619,0.8016993999481201,1904.4505615234375,371.5646057128906,0.7621572017669678,1915.6644287109375,384.67041015625,0.7547195553779602,1932.4111328125,428.5985107421875,0.8462865948677063
,620,0.8038690090179443,1900.470947265625,360.6229248046875,0.8067308068275452,1908.660888671875,376.6963806152344,0.8068259358406067,1931.7655029296875,417.2183532714844,0.8258501887321472
,621,0.830758273601532,1896.3087158203125,351.6618957519531,0.7858479022979736,1904.7430419921875,367.6345520019531,0.7619445323944092,1928.00634765625,407.9645690917969,0.8583551049232483
,622,0.8184170722961426,1891.87548828125,340.32257080078125,0.80126953125,1900.27392578125,356.3769226074219,0.785165548324585,1923.8770751953125,396.6162109375,0.8634672164916992
,623,0.8239569067955017,1884.8883056640625,328.756591796875,0.8239464163780212,1896.503662109375,344.8062744140625,0.8052172660827637,1917.2158203125,384.4393615722656,0.8348461389541626
,624,0.8303925395011902,1880.028564453125,317.1803894042969,0.8011816740036011,1888.7794189453125,333.1558532714844,0.7912524938583374,1912.3699951171875,372.9040832519531,0.8390190005302429
,625,0.8030719757080078,1873.156494140625,308.2481994628906,0.8266409635543823,1884.912841796875,324.30084228515625,0.815459132194519,1908.6995849609375,360.62103271484375,0.8358291983604431
,626,0.8490557670593262,1867.876708984375,296.5783996582031,0.8035575747489929,1876.681884765625,312.47381591796875,0.780825138092041,1900.3782958984375,352.1029968261719,0.8501870632171631
,627,0.8292986750602722,1860.9910888671875,287.9060363769531,0.8200745582580566,1872.6236572265625,303.9635314941406,0.7949824333190918,1893.415771484375,340.06256103515625,0.8193329572677612
,628,0.8423750996589661,1852.79638671875,273.3234558105469,0.8077945113182068,1864.8031005859375,289.19110107421875,0.8086919188499451,1885.344482421875,328.4474792480469,0.8552752733230591
,629,0.8364827036857605,1847.7476806640625,264.30206298828125,0.8235073685646057,1856.282470703125,280.3968505859375,0.7890000343322754,1883.543212890625,316.8740539550781,0.8180865049362183
,630,0.8374773263931274,1839.6380615234375,252.4598388671875,0.8260349631309509,1848.303466796875,268.462158203125,0.783367395401001,1872.1715087890625,304.66229248046875,0.8572061061859131
,631,0.8802706599235535,1831.6517333984375,241.03521728515625,0.8114287853240967,1840.390625,256.97845458984375,0.7824985384941101,1864.3951416015625,293.0749816894531,0.8576775193214417
,632,0.8554213643074036,1823.718017578125,229.18980407714844,0.8223671913146973,1832.271240234375,245.1941680908203,0.773235559463501,1856.1253662109375,281.271240234375,0.8300661444664001
,633,0.8561520576477051,1812.563232421875,220.2325439453125,0.8103052377700806,1824.7030029296875,233.0918731689453,0.8142788410186768,1845.10205078125,269.1256103515625,0.8551979660987854
,634,0.8709443211555481,1804.807861328125,208.12095642089844,0.8430781364440918,1816.4859619140625,224.12649536132812,0.8024811744689941,1836.9410400390625,259.98785400390625,0.8244338035583496
,635,0.8686893582344055,1796.197509765625,196.10511779785156,0.8326488733291626,1807.934326171875,211.98532104492188,0.7904946804046631,1828.3170166015625,248.57974243164062,0.8472071290016174
,636,0.8531592488288879,1788.3265380859375,184.77857971191406,0.8355146050453186,1796.7674560546875,200.84429931640625,0.7797967195510864,1820.2412109375,236.832275390625,0.8093028664588928
,637,0.9069435000419617,1776.97607421875,172.5315399169922,0.8216132521629333,1788.735595703125,188.4965362548828,0.8019773364067078,1808.69921875,224.84841918945312,0.8697531819343567
,638,0.9154620170593262,1768.776611328125,161.0247039794922,0.8214592933654785,1780.3941650390625,177.02694702148438,0.7970320582389832,1800.399169921875,213.05551147460938,0.8306207060813904
,639,0.9007586240768433,1760.0673828125,149.16162109375,0.8122344017028809,1771.5479736328125,165.09100341796875,0.7617034316062927,1791.5849609375,204.3225860595703,0.812853991985321
,640,0.9194019436836243,1749.16357421875,137.20901489257812,0.7893025875091553,1760.899169921875,153.1886749267578,0.7852193713188171,1777.26904296875,192.46478271484375,0.8323150277137756
,641,0.90615314245224,1740.6239013671875,128.34341430664062,0.7967407703399658,1752.1138916015625,141.4163360595703,0.7687206268310547,1768.3902587890625,180.59182739257812,0.8329800963401794
,642,0.925140380859375,1732.5538330078125,113.41699981689453,0.7654953598976135,1741.49853515625,129.44781494140625,0.7782815098762512,1757.3646240234375,168.75387573242188,0.8409636616706848
,643,0.9123551249504089,1724.63818359375,104.12840270996094,0.823054313659668,1733.2391357421875,120.34220886230469,0.7678195834159851,1749.154541015625,156.38540649414062,0.7788728475570679
,644,0.9237399101257324,1715.703125,92.18975830078125,0.8094735145568848,1724.1474609375,108.21232604980469,0.7803913950920105,1740.2822265625,147.88864135742188,0.8374139666557312
,645,0.9507901668548584,1707.807861328125,80.78594207763672,0.8302174210548401,1716.1162109375,96.93417358398438,0.7916865348815918,1732.2919921875,133.15316772460938,0.7396942973136902
,646,0.941523551940918,1696.7061767578125,68.5464859008789,0.8110595345497131,1705.166748046875,84.76338958740234,0.7831113338470459,1720.943359375,124.2727279663086,0.8352055549621582
,647,0.9112021327018738,1688.51953125,57.0658073425293,0.8120839595794678,1696.9527587890625,73.21328735351562,0.7799346446990967,1712.564208984375,112.60779571533203,0.8006735444068909
,648,0.913433313369751,1680.266845703125,45.213321685791016,0.8127678036689758,1688.3963623046875,61.42100524902344,0.7567787170410156,1700.692138671875,100.93428802490234,0.8095666766166687
,649,0.90491783618927,1672.0679931640625,35.88909149169922,0.8080523610115051,1680.283203125,52.18055725097656,0.76143479347229,1692.3603515625,92.06932830810547,0.787848174571991
,650,0.8507866263389587,1664.03369140625,24.152462005615234,0.8257653117179871,1671.9993896484375,40.37425231933594,0.7539525628089905,1684.2474365234375,80.0201644897461,0.7869461178779602
,651,0.8995453119277954,1653.3326416015625,15.708932876586914,0.6932377815246582,1664.73974609375,28.840866088867188,0.7663959264755249,1676.7376708984375,68.16653442382812,0.8235232830047607
,652,0.9454008936882019,,,0.0,1660.25537109375,28.51642608642578,0.31738752126693726,1668.4058837890625,59.88456726074219,0.6594039797782898
,653,0.8770459890365601,,,0.0,,,0.0,1656.8709716796875,48.96771240234375,0.6705933809280396
,654,0.6870685815811157,,,0.0,1656.4444580078125,16.24473762512207,0.33001038432121277,1624.2303466796875,12.212366104125977,0.32239165902137756
